
2464
2113
2106
2854
2334
2426
2402
2605
2217
2394
2352
2121
2434
2518
2215
2208
2889
2732
2123
2696
2313
2319
2402
2072
2422
2477
2416
2279
2102
2693
2332
2461
2185
1835
2424
2581
2543
1946
2580
2231
2195
2614
2420
2303
2491
2629
2554
2099
2193
2207
2143
2607
2391
2612
2282
2643
2048
2297
2457
2707
2267
2552
2375
2308
2198
2515
2517
2517
2468
2319
2199
2682
2613
2166
2224
2435
2210
2058
2053
2247
2190
2500
2326
2187
2489
2500
2132
2207
2991
2404
2147
2119
2409
2288
2115
2192
2297
2310
2433
2408
2600
2070
2481
2257
2620
2301
2355
2276
2267
2872
2401
2481
2483
2702
2140
2430
2475
2177
2451
2624
3096
2600
2312
2355
2273
2706
2008
2158
2263
2277
2132
2414
3010
2580
2318
2425
2727
2688
2806
2229
2428
2104
2226
2318
2211
2484
2457
2166
2727
2456
2292
2130
2256
2520
1888
2449
2003
2473
2216
2611
2052
2260
2469
2358
2218
2029
2116
2132
2009
2127
2161
2476
2424
2097
2236
2347
2381
2279
2301
2299
2060
2451
2424
2017
2310
2333
2354
2300
2262
2167
2153
2361
2142
2278
2261
2267
2327
2361
2471
1875
2467
2060
2048
2384
1983
2208
2095
2367
2352
2318
2345
2151
1917
2402
2253
2232
2369
2246
2595
2507
2153
2149
2500
2552
2571
2134
2211
2377
2545
2239
2681
2461
2090
2541
2248
2292
2495
2221
2428
1970
2083
2228
2686
1971
2272
2019
2262
2242
2476
2223
2521
2312
2573
2116
2483
2506
2046
2485
2441
2318
2282
2092
2556
2543
2455
2496
2420
2145
2461
2133
2432
2376
2359
2455
2111
2486
2525
2047
1719
3124
2480
2583
2265
2193
2735
2416
2135
2466
2403
2038
2492
2365
2333
2277
2188
2120
2292
2223
2163
2443
2786
2276
2217
2352
2743
2306
2673
2231
2385
2511
2092
2001
2270
2346
2420
2333
2172
2546
2435
2750
1932
2481
2096
2095
2080
2345
2278
2404
2743
2243
2493
2523
3298
2220
2279
2422
2487
1923
2386
2337
2350
2123
2928
2155
2235
2064
2363
2387
2473
2631
2132
2503
2723
2071
2063
2633
2879
2277
2208
2222
2490
2242
2378
2232
2418
2025
2496
2493
2085
2216
2045
2537
2389
2385
2549
1897
2120
2238
2122
2550
2210
2318
2213
2703
2256
2040
2228
2283
2570
2129
2195
2192
2247
2404
2390
2142
2527
2279
2287
2349
2557
2332
2164
2367
2103
2139
2039
2386
2236
2621
2497
2271
2413
2140
2308
2453
2046
2093
2215
2213
2502
1998
2100
2693
2348
2670
2334
2284
2185
2335
2154
2400
2513
2413
2362
2707
2660
2544
2315
2506
2041
2081
2051
2459
2421
2164
2291
2178
2075
2428
2418
2326
2496
2477
2503
2620
2522
2398
2369
2572
2181
2467
2573
2019
2190
2603
2071
2428
2224
2387
2360
2077
2308
2299
2387
2717
1967
2048
2869
2173
2178
2308
2281
2364
2403
2023
2701
2247
2465
2319
2322
2248
2525
2267
2274
2694
2419
2250
2220
2116
2512
2260
2557
2529
2327
2349
2273
2442
2325
2328
1992
2097
2479
2808
2611
2845
2096
2624
2166
2208
2205
2112
2332
1990
2293
2564
2097
2350
2413
2326
2392
2541
2402
2089
2490
2509
2486
2158
2275
2588
2620
2741
2961
2049
2373
2515
2280
2195
2180
2481
2313
2476
2481
2284
2476
2422
2319
2578
2080
2253
2707
2405
2322
2267
2474
2725
2561
2333
2489
2029
2329
2139
2232
2466
2593
2226
2722
2390
2195
2011
2813
2472
2374
2128
2405
2383
2274
2194
2656
2260
2358
2253
2128
2160
1735
2679
2377
2139
2369
2443
2240
2266
2072
2161
2278
2261
2680
3139
2044
2242
2056
2214
2416
2422
2419
2033
2176
2023
2240
2237
2898
2345
2271
2445
2352
2349
2109
2443
2299
2740
2596
2704
2483
2088
2142
2136
2278
2838
2473
2912
2408
2465
2258
2586
2678
2491
2365
2388
2133
2141
2308
2222
2487
2323
2325
2521
2246
2223
2550
1933
2199
3046
2385
1916
2278
2440
2811
2308
2514
2424
2395
2223
2309
2218
2589
2198
2440
2195
2578
2365
2586
2689
2316
2147
2727
2725
2239
2178
2515
2696
2140
2855
2587
2051
2025
2240
2473
2348
2606
2569
2208
2200
2881
2186
2647
2652
2195
2443
2230
2049
2538
2050
2309
2128
2313
2484
2299
2314
2228
2185
2495
2011
2413
2160
2231
2937
2630
1997
2627
2503
2210
2362
2267
2440
2254
2452
2600
2681
2136
2190
2324
2651
2025
1932
2215
2379
2478
1946
2364
2350
2115
2526
2514
2199
2621
2506
2610
2480
2410
2312
2148
2588
2106
2929
2433
2068
2330
2189
2540
2439
2804
2510
2307
2403
2566
2160
2415
2226
2253
2407
2260
2151
2175
2604
2191
2235
2800
2977
1863
2417
2548
2237
2563
2231
2411
2473
2291
2410
2471
2062
2446
2316
2333
2150
2087
2144
2219
2246
2654
2466
2292
2550
2179
2260
2565
2259
2646
2331
2112
2272
2278
2452
2245
2087
2355
2194
2137
2752
2300
2124
2317
2374
2053
2497
2374
2336
2388
2400
2527
2723
2207
2062
2009
2503
2331
2478
2376
2555
2503
2382
2336
2154
2474
2208
2075
2054
3219
2755
2459
2266
2400
2495
2509
2244
2498
2377
1929
2267
2278
1933
2473
2314
2088
2388
2084
2087
2357
2189
2323
3093
2337
2204
2345
2154
2114
2644
2533
2302
2336
2524
2557
2209
2249
2517
2475
2668
2397
2321
2181
2186
2185
2371
2350
2307
2687
2037
2531
2436
2295
2382
2316
2367
2458
2328
2247
2389
2089
2054
2561
2096
2403
2287
2357
2118
1934
2429
2642
2485
2209
2270
2441
2390
2169
2485
2672
2493
2229
2059
2186
2703
2475
2536
2168
2473
2226
2379
2076
2311
2458
2362
2721
2334
2400
2247
2374
2402
2136
2210
2042
2357
2512
2476
2139
2806
2205
2553
2666
2398
2304
2327
1934
2435
2456
2353
2306
2270
2767
2253
2557
2267
2435
1915
2481
2155
2448
2517
2526
2219
2117
1903
2274
2349
2462
2502
1911
2287
2229
2193
2762
2077
2335
2922
2137
1949
2167
1943
2153
2526
2363
2171
2363
2040
2312
2317
2259
2392
2450
2374
2570
2217
2828
2136
2468
2102
2052
2187
2311
2669
2245
2232
2096
2091
2246
2544
2328
2458
2256
2540
2464
2599
2291
2083
2216
2287
2091
2176
2470
2062
2279
2304
2465
2563
2316
2357
2161
2288
2232
2342
2461
2779
2624
2392
2682
2175
2175
2311
2524
2688
2435
2071
2031
2349
2440
2312
2103
2104
2458
2388
1924
2318
2514
2721
2069
2159
2460
2021
2842
1931
2618
2296
2483
2326
2424
2902
1985
2106
2294
2189
2716
2484
2064
2465
2559
1836
2163
2416
2334
2307
2638
2178
2281
2678
2381
2444
2820
2361
2620
2382
2788
2851
2001
2315
2544
2302
2094
2300
2402
2399
2583
2571
2202
2475
2222
2078
2200
2265
1941
2332
2063
2436
2185
2129
2160
2157
2762
2240
2441
2449
2338
2407
2216
2313
2295
2460
2432
2341
2082
2170
2309
2659
2256
2366
2265
2374
2574
2089
2428
2275
2614
2139
2039
2287
2514
2378
2290
2607
2633
2445
2352
2577
2075
2224
2513
2453
2061
2448
2220
2154
2452
2267
2191
2199
2439
2440
2158
2277
2259
2554
2286
2288
2348
2270
2432
2266
2110
2599
2319
2405
2500
2294
2390
2536
2317
2669
2438
2052
2630
2265
2779
2055
2065
2420
1951
2193
2942
2410
2148
1856
2021
2570
2720
2134
2194
2176
2201
2252
2810
1827
2074
2523
2622
2330
2756
2237
2468
2287
2269
2370
2276
2189
2094
2439
2411
2595
1977
2643
2340
2598
2463
2274
2544
2847
1808
2253
2235
2215
2341
2518
2216
2252
2320
2705
2212
2084
2256
2411
3257
2346
2770
2222
2093
2392
2499
2526
2344
2429
2492
2396
2579
2396
2482
2198
2374
2704
2500
2222
2239
2425
2304
2321
2660
2267
2613
2352
2667
2489
1972
2124
2282
2262
2390
2296
2332
2474
2188
2688
2375
2338
2288
2568
2334
2189
2285
2144
2537
2149
2407
2320
2542
2220
2456
2536
2117
2460
2352
1952
2294
2275
2419
2709
2947
2784
2279
2436
2983
2309
2535
2187
2310
2274
2178
2191
2130
1979
2318
2204
2337
2574
2404
2217
2854
2175
2371
2070
2229
1960
2632
2585
2380
2650
2883
2728
2148
2065
2734
2357
2538
2599
2263
2103
1916
2223
2369
2430
2165
2154
2450
2741
2229
2124
2730
2185
2685
2529
2258
1968
2187
2345
2098
2110
2029
2520
2137
2404
2501
2238
2239
2378
2043
2113
2126
2412
2580
2088
2248
2391
2081
2328
2598
2491
2254
2355
2347
2284
2198
2315
2677
2282
2263
2419
2038
2401
2387
2376
2291
2368
2296
2042
2143
2245
2606
2877
2224
2170
2052
2401
2067
2354
2391
2136
2496
2129
2526
2245
2645
2360
2227
2480
2455
2401
2422
2306
2099
2485
2377
2714
2042
2545
2097
2227
2471
2149
2274
2751
2507
2234
1937
2148
2091
2305
2465
2251
2056
2270
2047
2388
2323
2058
2499
2544
2314
2266
2317
2267
2605
2044
2362
2495
1946
2054
2373
2094
2254
2530
2597
2396
2750
2169
2373
2369
2332
2327
2610
2167
2063
2178
2438
2652
2092
2339
2455
2351
2611
1984
2291
2894
2322
1959
2433
2337
2095
2214
2179
2038
2346
1996
2136
2488
2234
2482
2412
2528
2569
2443
2400
2177
2291
2323
2391
2137
2867
2766
2383
2259
2159
2021
2369
2817
2888
2100
2583
2353
2301
2189
2451
2439
2448
2481
2427
2372
2530
2614
2154
2195
2438
2586
1860
2257
2377
2764
2187
2224
2415
2377
2172
2583
2295
1993
2294
2296
2817
2082
2536
2448
2835
2269
2242
2619
2402
2212
2247
2453
2226
2375
2349
1983
2500
2037
2538
2725
2139
2452
2366
2224
2215
2251
2357
2338
2234
2370
2389
3094
2250
2637
2271
2369
1948
2284
2292
2249
2182
2736
2198
2393
2451
2500
2569
2332
2443
2871
2294
2596
2502
2411
2611
3025
2285
2176
2449
2338
2080
2217
2224
2283
2540
2128
2571
2532
2049
2327
2677
2337
2303
2075
2726
2155
2368
2510
2609
2676
2233
2532
2304
1980
1919
2299
2347
2190
2377
2000
2285
2508
2246
1981
2179
2624
2386
2264
2103
2862
2177
2475
2831
2175
1944
2090
2459
2387
2385
2266
2432
1906
2423
2260
2247
2322
2578
1945
2699
2591
2624
2227
2451
2321
2412
2131
2388
2279
2578
2630
2407
2191
2327
2132
2348
1931
2446
2897
2319
2492
2229
2386
2508
2417
2274
2422
2454
1830
2582
2403
2388
2120
2148
2414
2633
2288
2447
2346
2281
2395
1923
2392
2222
2426
2319
1972
2710
2553
2484
2579
2292
2469
2559
2296
2251
2526
2413
2501
2201
2279
2171
2511
2330
2223
2186
2456
2521
2300
2392
2232
2690
2126
2035
2626
2121
2288
2211
2212
2701
2756
2452
2570
2422
2039
2729
2083
2256
2249
2671
2413
2090
2414
2217
2199
2110
2327
2712
2144
2460
2277
2481
2181
2517
2132
2450
2021
2274
2608
2284
2211
2335
2388
2488
2063
2408
2271
2276
2656
2182
2950
2383
2705
2863
2205
2148
2545
2808
2474
2293
2375
2243
2347
2670
2257
2623
2322
2248
2395
2208
2008
2532
2251
2393
2405
2711
2206
2449
2354
2144
2100
2467
2441
2143
2074
2278
2149
2119
2479
2621
2287
2604
2197
2618
2545
2080
2209
1939
2342
2534
2239
2466
2174
2079
2228
2413
2047
2014
2343
2333
2229
2364
2311
2202
2571
2394
2296
2263
2627
2876
2402
2240
2064
2046
2364
2461
2443
2251
2213
2291
2360
2472
2833
2131
2314
2583
2930
2334
2407
2000
2401
2428
2271
2001
2449
3042
2327
2455
2188
2314
2783
2172
2545
2267
1937
2539
2090
2119
2246
2064
1651
2795
2264
2507
2263
2119
2470
1996
2186
2285
2183
2132
2176
2873
2093
2342
2089
2601
2406
2524
2235
2297
2325
2043
2226
2084
2735
2352
2435
2106
2185
2363
2640
2458
2462
2661
2308
2121
2733
2518
2063
2266
2190
2424
2127
2341
2437
2242
1975
2558
2704
2517
2263
2313
2488
2234
2089
2511
2215
2149
2217