1464
1412
1495
1618
1455
1472
1428
1350
1452
1398
1436
1441
1470
1502
1557
1485
1362
1335
1378
1343
1511
1479
1484
1439
1378
1506
1408
1451
1469
1472
1288
1395
1347
1574
1398
1369
1547
1411
1442
1395
1458
1502
1571
1516
1334
1382
1438
1308
1463
1580
1454
1445
1422
1545
1489
1547
1480
1383
1329
1500
1489
1371
1332
1719
1509
1413
1446
1291
1394
1534
1399
1471
1385
1438
1479
1549
1410
1472
1452
1462
1457
1447
1353
1411
1543
1484
1411
1539
1458
1384
1497
1436
1505
1727
1491
1475
1392
1614
1449
1319
1436
1496
1400
1471
1403
1441
1396
1261
1442
1458
1475
1502
1684
1425
1531
1417
1556
1493
1324
1405
1443
1538
1386
1476
1533
1298
1417
1401
1502
1429
1434
1383
1532
1558
1504
1544
1405
1408
1237
1574
1554
1520
1360
1415
1422
1330
1423
1458
1502
1498
1606
1315
1444
1325
1333
1366
1394
1389
1551
1561
1434
1335
1525
1638
1477
1420
1193
1449
1497
1398
1408
1586
1338
1577
1440
1478
1469
1511
1515
1412
1437
1581
1465
1437
1487
1498
1405
1439
1386
1454
1309
1568
1282
1511
1437
1457
1463
1449
1538
1438
1487
1368
1484
1380
1542
1380
1449
1296
1421
1538
1390
1266
1518
1460
1416
1354
1443
1648
1537
1430
1397
1434
1536
1437
1402
1417
1463
1469
1426
1503
1505
1389
1448
1466
1320
1540
1422
1446
1473
1475
1615
1566
1458
1468
1468
1442
1465
1384
1227
1378
1389
1455
1405
1481
1490
1345
1364
1399
1334
1427
1375
1384
1397
1365
1460
1346
1481
1306
1325
1481
1333
1438
1438
1485
1464
1412
1464
1464
1337
1464
1412
1495
1618
1455
1472
1428
1350
