
2464
2103
2101
2654
2284
2356
2402
2605
2207
2384
2342
2071
2404
2403
2155
2093
2569
2647
2083
2451
2298
2254
2387
2037
2367
2397
2416
2109
2077
2693
2327
2461
2115
1830
2319
2291
2468
1866
2550
2161
2160
2574
2405
2293
2371
2614
2419
2059
2178
2197
2123
2602
2366
2532
2277
2453
2013
2202
2397
2667
2162
2457
2360
2278
2183
2480
2467
2397
2353
2264
2124
2682
2573
2116
2219
2415
2165
2058
2033
2247
2150
2485
2326
2142
2404
2450
2117
2167
2871
2369
2142
2094
2329
2218
2090
2097
2232
2275
2433
2368
2545
2040
2401
2167
2440
2266
2300
2241
2137
2667
2246
2451
2483
2687
2140
2400
2395
2152
2356
2589
2931
2380
2287
2285
2273
2696
1998
2118
2188
2212
2127
2344
2725
2515
2248
2350
2642
2533
2581
2229
2368
2064
2046
2268
2151
2449
2457
2146
2602
2421
2232
2130
2231
2495
1873
2364
2003
2198
2216
2456
2032
2250
2464
2173
2183
2029
2111
2127
1984
2117
2146
2456
2329
2097
2196
2252
2306
2274
2291
2269
2050
2401
2359
1952
2305
2303
2239
2270
2262
2132
2143
2361
2137
2208
2236
2262
2317
2236
2306
1850
2447
2025
2033
2364
1948
2188
2040
2307
2352
2303
2345
2121
1912
2277
2253
2222
2369
2191
2520
2257
2138
2139
2450
2402
2431
2134
2176
2242
2465
2224
2536
2336
2090
2536
2248
2257
2445
2196
2348
1970
2083
2193
2511
1931
2227
2009
2207
2207
2391
2213
2386
2292
2543
2106
2363
2426
2041
2430
2346
2278
2282
2057
2531
2398
2445
2496
2375
2145
2311
2123
2397
2281
2354
2370
2051
2481
2495
2012
1714
2784
2355
2503
2265
2158
2700
2356
2065
2436
2378
2038
2442
2280
2323
2257
2118
2085
2112
2208
2088
2358
2711
2271
2197
2292
2653
2276
2488
2166
2245
2496
2082
2001
2255
2296
2390
2333
2132
2336
2360
2725
1912
2411
2081
2095
2010
2345
2233
2319
2528
2188
2448
2473
3013
2160
2279
2412
2412
1868
2336
2242
2300
2113
2673
2155
2210
2064
2313
2372
2473
2596
2122
2463
2603
2041
2043
2453
2839
2272
2163
2192
2405
2187
2343
2167
2418
1955
2436
2433
2065
2216
1970
2392
2384
2330
2499
1892
2095
2193
2062
2465
2185
2268
2193
2573
2256
2035
2203
2278
2520
2104
2150
2087
2242
2384
2320
2112
2242
2279
2282
2334
2497
2242
2159
2312
2098
2109
2029
2216
2206
2621
2472
2216
2238
2125
2308
2233
1991
2088
2165
2208
2422
1968
2095
2478
2348
2555
2329
2259
2185
2295
2144
2395
2348
2308
2232
2707
2580
2504
2315
2466
2041
2066
2051
2354
2321
2139
2261
2128
2045
2383
2408
2316
2461
2457
2408
2505
2512
2243
2369
2457
2161
2392
2543
1984
2190
2598
1971
2363
2224
2362
2355
2042
2283
2234
2322
2612
1942
2008
2644
2158
2178
2243
2281
2334
2343
2023
2491
2247
2425
2279
2322
2248
2465
2037
2154
2694
2349
2240
2180
2096
2482
2240
2512
2464
2307
2319
2243
2442
2325
2308
1982
2002
2409
2718
2611
2690
2071
2569
2151
2168
2205
2057
2302
1975
2293
2534
2092
2295
2403
2326
2312
2511
2392
2024
2475
2434
2486
2153
2265
2533
2550
2571
2936
2049
2373
2490
2245
2190
2175
2406
2313
2396
2441
2234
2451
2422
2264
2428
2060
2193
2667
2405
2312
2237
2454
2505
2481
2258
2414
2029
2304
2004
2187
2396
2593
2176
2607
2345
2195
1986
2548
2417
2299
2098
2385
2383
2209
2174
2456
2240
2253
2253
2128
2135
1730
2599
2312
2109
2279
2433
2230
2221
2027
2161
2278
2261
2660
2844
2044
2222
2056
2194
2346
2347
2289
1968
2146
1943
2195
2227
2633
2325
2266
2390
2317
2349
2049
2443
2229
2585
2496
2699
2438
2083
2137
2101
2183
2658
2408
2887
2388
2395
2233
2586
2473
2466
2305
2288
2068
2141
2243
2192
2457
2073
2285
2451
2216
2178
2550
1918
2179
2746
2350
1911
2238
2400
2731
2293
2474
2389
2375
2198
2309
2208
2499
2173
2440
2190
2388
2295
2376
2679
2316
2122
2577
2605
2089
2168
2500
2686
2130
2825
2542
2031
2025
2215
2413
2308
2471
2449
2193
2200
2846
2151
2467
2497
2190
2223
2180
2049
2468
2010
2309
2043
2293
2384
2279
2314
2223
2165
2465
1996
2373
2140
2171
2817
2485
1932
2392
2438
2190
2357
2242
2400
2234
2402
2520
2671
2106
2165
2279
2611
2025
1887
2215
2354
2388
1901
2279
2275
2115
2376
2469
2114
2606
2311
2545
2405
2335
2292
2088
2563
2096
2789
2428
2058
2295
2149
2470
2414
2589
2475
2222
2403
2526
2155
2370
2141
2198
2322
2260
2071
2120
2569
2191
2190
2720
2712
1858
2392
2518
2097
2533
2231
2391
2428
2291
2370
2331
2057
2391
2296
2328
2105
1987
2139
2154
2126
2419
2361
2272
2405
2159
2240
2485
2224
2531
2331
2097
2252
2278
2422
2165
1992
2285
2179
2097
2652
2285
2124
2257
2364
1993
2342
2349
2246
2363
2335
2457
2568
2202
2032
1934
2393
2301
2353
2376
2540
2493
2347
2286
2129
2404
2173
2055
2049
2959
2590
2229
2266
2335
2440
2504
2244
2383
2342
1899
2217
2278
1928
2448
2299
2088
2343
2044
2087
2312
2114
2253
2793
2317
2124
2290
2134
2029
2584
2508
2302
2336
2474
2337
2199
2224
2452
2315
2663
2367
2286
2111
2106
2100
2336
2345
2292
2517
2007
2501
2396
2240
2322
2221
2367
2423
2303
2182
2294
2009
2024
2561
2096
2343
2267
2337
2098
1909
2379
2477
2440
2114
2165
2416
2255
2149
2420
2622
2423
2199
1954
2181
2648
2405
2396
2108
2333
2131
2379
2061
2296
2403
2347
2661
2334
2400
2182
2284
2342
2136
2165
2027
2312
2482
2451
2114
2806
2130
2493
2581
2258
2299
2297
1874
2385
2321
2213
2291
2185
2677
2243
2497
2242
2380
1885
2386
2135
2408
2482
2516
2204
2107
1903
2239
2299
2407
2492
1846
2277
2224
2193
2747
2077
2275
2692
2132
1949
2147
1938
2153
2516
2343
2161
2323
2025
2282
2317
2239
2357
2400
2329
2390
2197
2573
2121
2393
2067
2012
2157
2276
2569
2230
2232
2066
1991
2246
2434
2248
2273
2186
2505
2454
2364
2221
2033
2216
2227
2086
2176
2465
2052
2174
2304
2395
2523
2166
2332
2146
2263
2127
2297
2411
2729
2604
2302
2682
2120
2155
2196
2264
2523
2315
2036
2021
2334
2415
2232
2038
2094
2403
2358
1909
2298
2514
2441
2064
2089
2295
1991
2612
1896
2593
2296
2403
2231
2409
2812
1985
2006
2244
2159
2666
2249
2059
2385
2559
1831
2148
2331
2329
2237
2578
2083
2261
2668
2351
2429
2580
2331
2575
2357
2703
2641
1981
2235
2314
2257
2069
2255
2367
2299
2583
2531
2182
2450
2222
2078
2200
2260
1941
2207
2043
2436
2185
2109
2155
2127
2722
2220
2396
2434
2278
2392
2136
2293
2245
2395
2327
2241
2067
2160
2229
2659
2161
2366
2245
2374
2454
2059
2408
2275
2469
2139
2019
2287
2484
2203
2240
2507
2413
2370
2252
2492
2065
2184
2463
2378
2011
2393
2195
2084
2402
2132
2151
2129
2384
2405
2088
2237
2234
2544
2271
2228
2313
2225
2382
2261
2070
2564
2309
2355
2475
2249
2340
2321
2302
2489
2438
2052
2520
2235
2604
2030
2055
2400
1926
2193
2872
2325
2148
1836
2011
2490
2575
2094
2164
2106
2151
2237
2710
1802
2054
2413
2467
2310
2751
2197
2328
2277
2259
2300
2241
2149
2014
2434
2326
2515
1957
2603
2180
2568
2443
2264
2474
2757
1808
2133
2210
2215
2331
2518
2216
2252
2270
2675
2167
2059
2186
2391
2862
2296
2650
2132
2058
2337
2469
2511
2344
2429
2397
2306
2414
2246
2422
2153
2349
2659
2410
2197
2154
2300
2284
2291
2455
2257
2478
2307
2447
2374
1962
2069
2172
2152
2380
2276
2257
2474
2178
2643
2300
2323
2148
2478
2304
2189
2255
2064
2307
2144
2327
2260
2367
2140
2456
2361
2077
2420
2137
1902
2209
2215
2249
2654
2622
2774
2189
2351
2638
2289
2505
2117
2295
2219
2168
2191
2095
1979
2293
2149
2337
2479
2349
2172
2574
2175
2296
2010
2164
1935
2372
2575
2335
2625
2648
2693
2148
2050
2729
2192
2518
2534
2208
2073
1901
2048
2344
2410
2090
2109
2440
2656
2204
2084
2520
2100
2585
2529
2173
1968
2142
2345
2043
2075
2019
2520
2097
2364
2436
2183
2239
2308
2003
2098
2051
2372
2520
2078
2238
2391
2056
2323
2543
2441
2244
2335
2342
2239
2198
2315
2657
2217
2228
2409
2013
2336
2362
2311
2216
2323
2231
2042
2113
2185
2491
2692
2154
2110
2047
2386
2067
2294
2186
2086
2396
2069
2511
2240
2600
2360
2187
2350
2370
2386
2342
2281
2099
2485
2242
2684
2042
2530
2097
2217
2451
2149
2274
2356
2257
2234
1932
2138
2071
2245
2385
2186
2056
2180
2027
2378
2278
2058
2394
2384
2294
2236
2302
2197
2395
2014
2337
2480
1946
2034
2328
2094
2214
2475
2562
2296
2715
2129
2368
2369
2317
2317
2530
2132
2038
2103
2438
2542
2032
2279
2445
2351
2471
1939
2271
2579
2322
1944
2398
2337
2030
2159
2179
2018
2256
1966
2111
2403
2204
2457
2277
2523
2539
2408
2265
2087
2276
2198
2281
2092
2722
2581
2383
2239
2139
2021
2364
2657
2603
2045
2548
2298
2246
2189
2281
2389
2298
2316
2282
2352
2445
2574
2144
2160
2428
2426
1840
2257
2352
2469
2182
2189
2415
2307
2142
2468
2260
1978
2269
2291
2782
2082
2506
2338
2620
2199
2242
2414
2367
2187