
2464
2103
2101
2654
2284
2356
2402
2605
2207
2384
2342
2071
2404
2403
2155
2093
2569
2647
2083
2451
2298
2254
2387
2037
2367
2397
2416
2109
2077
2693
2327
2461
2115
1830
2319
2291
2468
1866
2550
2161
2160
2574
2405
2293
2371
2614
2419
2059
2178
2197
2123
2602
2366
2532
2277
2453
2013
2202
2397
2667
2162
2457
2360
2278
2183
2480
2467
2397
2353
2264
2124
2682
2573
2116
2219
2415
2165
2058
2033
2247
2150
2485
2326
2142
2404
2450
2117
2167
2871
2369
2142
2094
2329
2218
2090
2097
2232
2275
2433
2368
2464
2103
2101
2654
2284
2356
2402
2605
2207
2384
2342
2071
2404
2403
2155
2093
2569
2647
2083
2451
2298
2254
2387
2037
2367
2397
2416
2109
2077
2693
2327
2461
2115
1830
2319
2291
2468
1866
2550
2161
2160
2574
2405
2293
2371
2614
2419
2059
2178
2197
2123
2602
2366
2532
2277
2453
2013
2202
2397
2667
2162
2457
2360
2278
2183
2480
2467
2397
2353
2264
2124
2682
2573
2116
2219
2415
2165
2058
2033
2247
2150
2485
2326
2142
2404
2450
2117
2167
2871
2369
2142
2094
2329
2218
2090
2097
2232
2275
2433
2368
2545
2040
2401
2167
2440
2266
2300
2241
2137
2667
2246
2451
2483
2687
2140
2400
2395
2152
2356
2589
2931
2380
2287
2285
2273
2696
1998
2118
2188
2212
2127
2344
2725
2515
2248
2350
2642
2533
2581
2229
2368
2064
2046
2268
2151
2449
2457
2146
2602
2421
2232
2130
2231
2495
1873
2364
2003
2198
2216
2456
2032
2250
2464
2173
2183
2029
2111
2127
1984
2117
2146
2456
2329
2097
2196
2252
2306
2274
2291
2269
2050
2401
2359
1952
2305
2303
2239
2270
2262
2132
2143
2361
2137
2208
2236
2262
2317
2236
2306
1850
2447
2025
2033
2364
1948
2188
2040
2307
2352
2303
2345
2121
1912
2277
2253
2222
2369
2191
2520
2257
2138
2139
2450
2402
2431
2134
2176
2242
2465
2224
2536
2336
2090
2536
2248
2257
2445
2196
2348
1970
2083
2193
2511
1931
2227
2009
2207
2207
2391
2213
2386
2292
2543
2106
2363
2426
2041
2430
2346
2278
2282
2057
2531
2398
2445
2496
2375
2145
2311
2123
2397
2281
2354
2370
2051
2481
2495
2012
1714
2784
2355
2503
2265
2158
2700
2356
2065
2436
2378
2038
2442
2280
2323
2257
2118
2085
2112
2208
2088
2358