Beam search with beam=5 and heursitic="capacity"
189
234
159
230
296
254
212
368
186
140
209
238
174
105
106
246
232
306
136
285
171
378
241
154
69
46
165
138
306
148
235
195
213
309
139
263
366
236
114
116
308
190
247
302
172
281
279
85
234
243
211
246
227
175
237
199
324
317
198
146
127
145
138
157
279
142
164
193
64
193
247
171
164
146
255
291
143
302
183
254
338
200
143
234
140
90
204
286
229
230
294
223
117
458
358
215
197
339
156
168
81
247
162
373
225
142
322
102
231
234
242
326
219
179
280
165
199
187
263
276
175
275
255
240
218
312
214
146
180
306
83
226
320
268
157
176
126
253
192
436
315
401
122
109
355
154
303
144
154
287
213
241
161
304
212
180
329
262
395
217
162
260
134
101
284
324
174
125
84
133
236
196
216
119
175
246
195
410
132
325
133
124
226
223
205
144
209
167
191
305
163
116
284
291
202
103
353
354
261
238
276
228
217
263
311
143
166
146
187
115
291
105
101
169
89
139
163
82
229
250
287
119
213
229
263
79
279
220
159
240
215
83
197
232
272
276
88
369
151
180
141
147
392
234
264
198
165
170
241
179
219
114
319
206
153
190
182
133
192
185
222
155
269
196
94
117
186
367
242
268
171
181
335
326
195
115
341
225
382
251
240
261
209
348
493
122
240
111
108
265
401
109
216
104
289
110
251
226
253
264
224
305
113
298
237
331
141
185
153
206
268
129
208
138
283
163
171
280
127
143
115
77
151
282
236
158
162
211
312
302
163
406
434
259
193
208
157
221
336
238
109
160
249
185
288
256
202
241
117
194
110
119
30
86
103
89
182
217
251
109
128
167
230
199
185
204
143
239
200
297
300
173
226
79
169
294
154
161
225
164
136
225
202
101
130
102
183
522
372
300
192
136
209
194
312
236
255
134
277
195
273
200
200
173
190
78
221
109
190
271
209
283
115
103
148
209
343
286
46
274
307
155
106
172
247
246
181
124
144
176
399
253
176
108
199
384
173
263
212
255
265
228
209
343
187
217
142
313
121
147
214
264
133
140
378
186
211
183
403
119
293
112
170
218
124
110
133
351
235
78
506
322
193
40
125
268
289
326
89
269
281
125
112
187
108
172
282
310
93
240
284
184
343
168
194
99
354
309
209
278
143
259
284
158
294
117
289
131
270
182
281
260
314
179
207
212
131
189
180
135
243
362
183
251
272
205
135
232
168
290
106
221
297
267
198
163
241
123
200
263
111
134
108
170
94
288
308
142
256
256
137
220
74
176
186
158
125
75
125
156
112
250
302
68
230
262
177
386
290
307
198
215
237
200
162
216
173
296
219
242
163
59
151
171
122
185
336
207
357
148
241
114
313
240
180
279
232
233
75
148
169
361
129
255
205
186
217
141
113
307
170
162
343
149
204
387
248
247
274
179
160
360
365
346
302
328
262
221
220
152
172
178
268
210
338
106
219
138
209
358
104
333
250
114
93
173
270
237
170
213
115
252
133
282
160
199
173
289
136
243
286
275
147
458
169
211
215
119
390
454
243
93
146
263
141
189
157
130
98
298
280
236
216
182
284
106
308
264
172
562
300
163
87
381
279
121
277
130
198
246
192
205
264
332
122
215
150
241
88
217
105
336
310
256
167
320
196
301
324
167
147
396
324
172
182
70
210
155
131
178
249
171
376
157
110
142
127
277
310
83
374
239
112
448
157
129
110
184
335
232
289
126
270
224
254
145
211
191
280
103
185
187
523
233
80
128
448
303
144
173
93
175
176
222
354
201
352
368
240
406
257
218
222
217
427
177
242
82
184
248
272
92
75
249
183
99
117
307
83
193
235
346
150
196
163
292
181
267
173
114
173
102
243
100
107
224
233
140
158
94
175
277
244
290
266
237
185
345
268
201
231
296
195
282
306
184
198
178
196
255
94
162
293
86
258
278
294
367
249
137
84
172
230
184
189
172
271
190
149
244
336
163
156
231
122
153
310
295
210
206
402
54
241
152
207
82
139
164
137
188
106
126
155
142
241
338
292
172
100
221
246
292
144
161
384
360
279
179
260
275
218
322
230
199
288
245
123
409
71
223
402
254
146
215
153
177
216
129
305
69
281
191
272
262
213
102
187
196
212
178
215
212
152
135
183
219
126
125
218
151
295
68
297
315
220
185
152
154
301
321
223
150
111
136
163
210
142
147
299
320
188
104
171
137
290
144
139
199
234
160
196
124
391
87
317
221
215
252
208
267
103
220
257
129
188
259
203
173
166
129
257
322
155
359
199
140
246
147
218
251166
151
123
227
233
352
209
324
279
165
271
381
290
243
260
250
323
330
404
283
269
211
366
380
328
359
332
307
267
239
339
362
254
325
232
422
337
202
318
391
266
200
322
421
389
268
297
300
310
370
456
257
240
197
107
308
229
159
330
431
415
437
457
541
359
298
444
424
408
339
380
457
429
365
391
568
388
445
439
