932
1029
1082
792
993
1048
982
899
1056
1019
895
1033
936
880
1152
937
1017
995
983
800
870
1002
1062
1216
1006
976
1036
771
990
959
921
1224
1102
1207
1107
1029
753
1234
889
1268
1059
840
788
1133
1186
1014
956
940
979
1155
772
1223
1108
1152
945
1015
918
1041
975
873
858
971
743
962
1062
1221
1132
1078
924
922
1215
1229
1159
1105
953
974
798
992
983
749
748
917
1050
919
1062
862
1014
815
750
898
794
1032
1115
866
990
793
871
921
935
1065
894
1190
1078
847
1233
1203
945
883
805
1424
1264
993
912
1119
1002
967
896
980
1039
1229
1115
880
952
1008
919
1106
813
982
1145
1208
981
942
960
1151
984
832
1058
887
1337
970
1064
1059
817
945
1078
904
825
1224
1301
977
869
1152
1053
692
1045
1076
937
1084
1006
1039
746
903
1115
1055
817
1142
1062
828
1421
823
1104
1058
912
902
952
825
938
1163
949
880
1254
1037
886
829
994
1033
1100
1255
1190
1107
824
1297
943
902
792
964
969
1082
744
938
1084
887
956
1138
754
785
900
1116
957
1151
1010
1066
1104
1080
1176
907
946
813
982
803
888
1250
1032
796
812
1063
1236
1105
806
1007
961
876
1050
1015
953
1216
1344
1025
1055
917
1000
928
979
1209
949
868
885
1176
916
808
934
1061
1257
1141
1069
1128
864
926
1157
736
985
1106
975
906
1152
1089
891
802
856
866
947
1129
904
987
896
1027
909
826
829
1033
1058
914
863
940
1070
1061
1257
837
844
1152
1248
1113
916
988
888
857
1117
887
1030
1080
926
1064
881
880
1118
1051
976
748
903
911
900
1083
1232
1001
795
910
925
895
879
1095
1107
880
796
931
813
840
1043
808
1172
879
851
844
840
1121
1123
1038
1028
932
1163
957
1097
1079
935
1110
977
1107
1116
1271
1117
927
1046
1039
694
922
828
818
903
1091
1228
1248
778
940
978
1157
817
1183
1023
983
867
935
1110
916
970
909
902
1006
875
952
857
908
898
776
989
970
898
783
1240
850
1068
1044
857
893
821
980
832
910
1189
862
961
1019
842
961
888
981
926
1010
1040
1028
948
1138
849
1167
898
1245
790
1037
922
1209
1060
962
1159
1062
847
946
876
1320
989
897
1324
862
1341
802
1249
769
913
906
887
1035
1014
906
1011
1005
879
1338
806
901
1064
839
1116
888
1090
1354
888
1075
1078
1143
990
916
1071
1016
935
857
1153
906
1194
905
1112
946
958
902
1208
1170
892
886
1211
1071
1005
931
1250
898
875
819
1115
915
968
1069
1018
1106
959
825
1076
781
797
798
1137
1215
919
970
1391
1217
868
953
1074
932
1051
955
913
1248
1284
1276
1160
1175
887
914
801
783
828
920
1075
1204
787
1016
1129
1064
992
1091
910
917
911
1184
1184
894
866
1072
1303
904
997
948
856
1029
1143
1032
904
744
889
863
1058
1017
804
775
779
1166
1014
1117
894
946
1133
1114
915
1130
944
1031
962
1013
928
837
1180
816
1153
802
1255
883
950
1141
942
959
1082
966
1126
979
1242
785
1244
838
837
921
791
879
906
1191
922
1013
1219
919
975
1012
945
849
1117
1007
1122
1071
1312
991
1110
1206
932
912
1021
980
1010
907
916
962
930
886
1071
982
839
1078
977
1208
948
1072
1259
937
1196
1104
943
943
934
1050
1104
977
1254
987
868
1210
1053
922
1096
1272
971
1188
1235
1230
842
830
1206
1040
959
934
1288
1395
984
998
830
1094
1171
1068
946
1163
911
1078
993
1005
949
825
1182
852
890
1145
892
1053
932
789
1182
928
1268
1067
979
988
901
892
751
1064
1027
1276
898
1084
932
1152
1038
874
925
1010
831
922
1099
900
1036
791
758
1017
912
930
979
931
959
1247
807
897
899
1123
995
841
1138
978
774
1002
956
1014
1170
1161
929
940
871
848
880
1083
949
1012
1009
994
944
861
909
793
910
894
917
1027
1147
922
1273
1049
1075
903
881
990
902
870
1009
942
967
893
957
863
946
851
955
1191
1250
1183
1130
974
1116
835
1229
1053
1127
797
857
1119
966
879
985
949
1247
1037
768
1073
1056
904
1023
984
939
813
989
910
872
940
967
1126
1110
1078
808
901
872
1098
952
1020
720
747
1069
1061
1121
1164
1183
1237
1082
928
840
907
929
1081
1141
1261
885
1151
1074
1010
1153
903
916
1198
712
1222
991
914
1183
833
1004
787
932
926
1068
789
831
1145
937
954
994
1103
873
1328
823
999
1065
1235
904
885
851
857
1127
1214
1351
835
1115
960
847
942
912
1000
888
920
840
826
924
830
816
1087
1153
1045
885
811
932
1029
1082
932
932
932
932
932
557
557
932
1029
1082
792
993
1048
982
899
1056
1019
895
1033
936
880
1152
